# define color range
prim_col <- "#006268"
sec_col <- "#69004F"
tert_col <- "#00206E"
prim_col_grad <- c("#338585", "#66A3A3", "#99C2C2", "#CCE0E0", "#E6F0F0", "#F2F7F7")
sec_col_grad <- c("#853270", "#A36794", "#C299B8", "#E0CCDB", "#F0E6ED", "#F7F2F6")
tert_col_grad <- c("#324a85", "#6778a3", "#99a5c2", "#ccd2e0", "#e6e9f0", "#f2f4f7")
